______________________________________________________________________
  Epoch        Train.MAPE           Val.MAPE         Time (in sec)    
______________________________________________________________________
    1            25.206              25.190              22.283       
    2            12.171              12.298              22.298       
    3            7.929               7.945               22.283       
    4            7.323               7.260               22.283       
    5            7.155               7.039               22.283       
    6            6.806               6.685               22.298       
    7            6.809               6.684               22.283       
    8            6.732               6.735               22.298       
    9            6.654               6.651               22.283       
    10           7.266               7.252               22.298       
    11           6.113               6.083               22.283       
    12           6.816               6.666               22.649       
    13           5.906               5.752               22.511       
    14           6.685               6.666               22.438       
    15           7.126               7.081               22.447       
    16           7.043               6.985               22.283       
    17           5.732               5.678               22.298       
    18           11.016              11.058              22.283       
    19           7.843               7.585               22.298       
    20           5.955               5.810               22.283       
    21           5.539               5.474               22.298       
    22           12.080              12.104              22.298       
    23           5.611               5.519               22.298       
    24           5.662               5.579               22.283       
    25           7.675               7.606               22.298       
    26           4.800               4.745               22.299       
    27           5.130               5.133               22.282       
    28           4.792               4.693               22.283       
    29           4.652               4.569               22.298       
    30           4.211               4.164               22.298       
    31           4.149               4.076               22.283       
    32           3.503               3.433               22.298       
    33           3.365               3.372               22.283       
    34           3.204               3.166               22.298       
    35           3.255               3.183               22.283       
    36           2.779               2.756               22.298       
    37           4.258               4.186               22.283       
    38           3.089               3.090               22.298       
    39           2.629               2.611               22.283       
    40           3.057               3.041               22.298       
    41           2.673               2.647               22.283       
    42           3.376               3.397               22.298       
    43           3.269               3.241               22.283       
    44           2.503               2.520               22.283       
    45           2.745               2.749               22.298       
    46           3.057               3.089               22.283       
    47           2.820               2.853               22.298       
    48           3.010               2.984               22.283       
    49           3.318               3.337               22.283       
    50           4.870               4.833               22.298       
    51           3.190               3.201               22.283       
    52           2.629               2.643               22.283       
    53           2.349               2.365               22.298       
    54           2.697               2.705               22.283       
    55           2.786               2.776               22.298       
    56           2.917               2.942               22.283       
    57           2.999               2.998               22.298       
    58           2.701               2.717               22.283       
    59           8.319               8.290               22.283       
    60           2.540               2.540               22.298       
    61           5.132               5.104               22.283       
    62           2.527               2.536               22.283       
    63           2.342               2.358               22.298       
    64           2.824               2.831               22.298       
    65           2.206               2.225               22.283       
    66           2.442               2.441               22.298       
    67           2.318               2.331               22.283       
    68           2.770               2.736               22.298       
    69           2.753               2.753               22.283       
    70           2.313               2.348               22.298       
    71           2.164               2.164               22.283       
    72           2.071               2.086               22.298       
    73           2.485               2.512               22.283       
    74           2.395               2.398               22.298       
    75           2.728               2.712               22.283       
    76           2.630               2.658               22.298       
    77           3.135               3.122               22.283       
    78           2.013               2.012               22.298       
    79           3.251               3.250               22.283       
    80           2.127               2.133               22.298       
    81           2.280               2.281               22.283       
    82           2.655               2.668               22.283       
    83           2.955               2.946               22.298       
    84           2.186               2.176               22.283       
    85           3.811               3.820               22.298       
    86           2.502               2.478               22.283       
    87           2.038               2.038               22.298       
    88           2.060               2.040               22.283       
    89           2.388               2.392               22.283       
    90           2.774               2.777               22.283       
    91           2.951               2.971               22.283       
    92           1.981               1.993               22.298       
    93           2.957               2.907               22.283       
    94           2.907               2.884               22.292       
    95           2.347               2.334              115.522       
    96           2.892               2.916               22.423       
    97           2.284               2.288               22.376       
    98           4.244               4.229               22.251       
    99           2.217               2.216               22.267       
   100           2.166               2.158               22.236       
   101           2.008               1.997               22.267       
   102           1.976               1.961               22.251       
   103           2.468               2.440               22.314       
   104           2.529               2.538               22.361       
   105           2.278               2.273               22.345       
   106           2.799               2.784               22.345       
   107           3.506               3.499               22.361       
   108           2.283               2.274               22.345       
   109           2.435               2.432               22.361       
   110           2.313               2.315               22.345       
   111           1.860               1.855               22.345       
   112           2.341               2.315               22.345       
   113           3.309               3.273               22.361       
   114           2.808               2.788               22.345       
   115           1.854               1.854               22.345       
   116           2.087               2.073               22.345       
   117           4.815               4.792               22.361       
   118           1.919               1.903               22.345       
   119           3.919               3.875               22.345       
   120           2.977               2.991               22.345       
   121           2.109               2.099               22.361       
   122           2.188               2.175               22.345       
   123           2.032               2.033               22.345       
   124           2.417               2.409               22.345       
   125           3.754               3.730               22.345       
   126           1.840               1.832               22.361       
   127           3.542               3.542               22.345       
   128           3.927               3.941               22.345       
   129           1.926               1.914               22.345       
   130           2.178               2.173               22.345       
   131           1.901               1.889               22.361       
   132           2.303               2.292               22.361       
   133           2.130               2.150               22.345       
   134           2.575               2.598               22.345       
   135           2.514               2.507               22.954       
   136           4.383               4.378               22.813       
   137           1.962               1.968               22.828       
   138           3.265               3.240               22.859       
   139           4.076               4.037               22.579       
   140           2.479               2.481               22.439       
   141           2.322               2.303               22.423       
   142           2.417               2.399               22.423       
   143           2.383               2.382               22.439       
   144           2.335               2.316               22.439       
   145           2.551               2.534               22.439       
   146           2.011               2.012               22.423       
   147           1.937               1.947               22.439       
   148           1.966               1.992               22.439       
   149           2.553               2.540               22.423       
   150           1.807               1.818               22.439       
   151           2.037               2.048               22.439       
   152           2.058               2.048               22.439       
   153           2.457               2.446               22.423       
   154           2.035               2.039               22.439       
   155           2.334               2.336               22.423       
   156           2.146               2.126               22.439       
   157           1.915               1.903               22.439       
   158           2.308               2.299               22.423       
   159           2.726               2.745               22.439       
   160           1.729               1.743               22.439       
   161           1.855               1.874               22.486       
   162           2.494               2.461               22.392       
   163           2.698               2.693               22.392       
   164           2.094               2.098               22.392       
   165           1.721               1.740               22.408       
   166           2.103               2.100               22.392       
   167           1.764               1.790               22.392       
   168           1.883               1.877               22.392       
   169           2.946               2.952               22.392       
   170           2.625               2.641               22.392       
   171           1.821               1.829               22.392       
   172           5.384               5.340               22.392       
   173           1.854               1.853               22.408       
   174           1.789               1.807               22.392       
   175           1.957               1.955               22.392       
   176           3.334               3.334               22.392       
   177           1.874               1.887               22.392       
   178           1.850               1.848               22.392       
   179           2.342               2.340               22.392       
   180           2.052               2.073               22.392       
   181           1.722               1.746               22.408       
   182           1.961               1.979               22.392       
   183           2.235               2.246               22.392       
   184           3.186               3.163               22.392       
   185           2.986               2.974               22.392       
   186           1.866               1.872               22.392       
   187           2.196               2.180               22.408       
   188           2.314               2.325               22.392       
   189           1.752               1.756               22.392       
   190           1.748               1.751               22.392       
   191           2.086               2.087               22.392       
   192           2.186               2.171               22.408       
   193           1.771               1.780               22.392       
   194           2.078               2.099               22.392       
   195           2.106               2.116               22.392       
   196           2.194               2.187               22.392       
   197           2.172               2.165               22.392       
   198           1.846               1.877               22.392       
   199           1.854               1.847               22.392       
   200           1.686               1.689               22.392       
